 1.00000000e-09  1.99700449e-03 
 2.00000000e-09  3.99101797e-03 
 4.00000000e-09  7.97307183e-03 
 8.00000000e-09  1.59014483e-02 
 1.60000000e-08  3.16163415e-02 
 3.20000000e-08  6.24871002e-02 
 6.40000000e-08  1.22058017e-01 
 1.00000000e-07  1.85747275e-01 
 1.06400000e-07  1.96659345e-01 
 1.19200000e-07  2.18275966e-01 
 1.44800000e-07  2.60287546e-01 
 1.96000000e-07  3.39649947e-01 
 2.96000000e-07  4.78303442e-01 
 3.96000000e-07  5.97609939e-01 
 4.96000000e-07  7.00269017e-01 
 5.96000000e-07  7.88603573e-01 
 6.96000000e-07  8.64612377e-01 
 7.96000000e-07  9.30015301e-01 
 8.96000000e-07  9.86292236e-01 
 9.96000000e-07  1.03471657e+00 
 1.09600000e-06  1.07638403e+00 
 1.19600000e-06  1.11223742e+00 
 1.29600000e-06  1.14308801e+00 
 1.39600000e-06  1.16963387e+00 
 1.49600000e-06  1.19247566e+00 
 1.59600000e-06  1.21213022e+00 
 1.69600000e-06  1.22904228e+00 
 1.79600000e-06  1.24359452e+00 
 1.89600000e-06  1.25611621e+00 
 1.99600000e-06  1.26689070e+00 
 2.09600000e-06  1.27616176e+00 
 2.19600000e-06  1.28413919e+00 
 2.29600000e-06  1.29100349e+00 
 2.39600000e-06  1.29690998e+00 
 2.49600000e-06  1.30199231e+00 
 2.59600000e-06  1.30636547e+00 
 2.69600000e-06  1.31012843e+00 
 2.79600000e-06  1.31336632e+00 
 2.89600000e-06  1.31615242e+00 
 2.99600000e-06  1.31854976e+00 
 3.09600000e-06  1.32061258e+00 
 3.19600000e-06  1.32238757e+00 
 3.29600000e-06  1.32391489e+00 
 3.39600000e-06  1.32522909e+00 
 3.49600000e-06  1.32635991e+00 
 3.59600000e-06  1.32733295e+00 
 3.69600000e-06  1.32817021e+00 
 3.79600000e-06  1.32889065e+00 
 3.89600000e-06  1.32951056e+00 
 3.99600000e-06  1.33004397e+00 
 4.09600000e-06  1.33050295e+00 
 4.19600000e-06  1.33089789e+00 
 4.29600000e-06  1.33123772e+00 
 4.39600000e-06  1.33153013e+00 
 4.49600000e-06  1.33178174e+00 
 4.59600000e-06  1.33199824e+00 
 4.69600000e-06  1.33218453e+00 
 4.79600000e-06  1.33234483e+00 
 4.89600000e-06  1.33248276e+00 
 4.99600000e-06  1.33260144e+00 
 5.09600000e-06  1.33270357e+00 
 5.19600000e-06  1.33279144e+00 
 5.29600000e-06  1.33286706e+00 
 5.39600000e-06  1.33293212e+00 
 5.49600000e-06  1.33298810e+00 
 5.59600000e-06  1.33303627e+00 
 5.69600000e-06  1.33307772e+00 
 5.79600000e-06  1.33311339e+00 
 5.89600000e-06  1.33314408e+00 
 5.99600000e-06  1.33317049e+00 
 6.09600000e-06  1.33319321e+00 
 6.19600000e-06  1.33321276e+00 
 6.29600000e-06  1.33322959e+00 
 6.39600000e-06  1.33324406e+00 
 6.49600000e-06  1.33325652e+00 
 6.59600000e-06  1.33326724e+00 
 6.69600000e-06  1.33327646e+00 
 6.79600000e-06  1.33328440e+00 
 6.89600000e-06  1.33329122e+00 
 6.99600000e-06  1.33329710e+00 
 7.09600000e-06  1.33330216e+00 
 7.19600000e-06  1.33330651e+00 
 7.29600000e-06  1.33331025e+00 
 7.39600000e-06  1.33331347e+00 
 7.49600000e-06  1.33331624e+00 
 7.59600000e-06  1.33331863e+00 
 7.69600000e-06  1.33332068e+00 
 7.79600000e-06  1.33332244e+00 
 7.89600000e-06  1.33332396e+00 
 7.99600000e-06  1.33332527e+00 
 8.09600000e-06  1.33332640e+00 
 8.19600000e-06  1.33332736e+00 
 8.29600000e-06  1.33332820e+00 
 8.39600000e-06  1.33332891e+00 
 8.49600000e-06  1.33332953e+00 
 8.59600000e-06  1.33333006e+00 
 8.69600000e-06  1.33333052e+00 
 8.79600000e-06  1.33333091e+00 
 8.89600000e-06  1.33333125e+00 
 8.99600000e-06  1.33333154e+00 
 9.09600000e-06  1.33333179e+00 
 9.19600000e-06  1.33333201e+00 
 9.29600000e-06  1.33333219e+00 
 9.39600000e-06  1.33333235e+00 
 9.49600000e-06  1.33333249e+00 
 9.59600000e-06  1.33333261e+00 
 9.69600000e-06  1.33333271e+00 
 9.79600000e-06  1.33333279e+00 
 9.89600000e-06  1.33333287e+00 
 9.99600000e-06  1.33333293e+00 
 1.00000000e-05  1.33333294e+00 
