 1.00000000e-09  1.32900649e+00 
 2.00000000e-09  1.32801447e+00 
 4.00000000e-09  1.32603340e+00 
 8.00000000e-09  1.32208903e+00 
 1.60000000e-08  1.31427087e+00 
 3.20000000e-08  1.29891267e+00 
 6.40000000e-08  1.26927614e+00 
 1.00000000e-07  1.23759073e+00 
 1.06400000e-07  1.23216198e+00 
 1.19200000e-07  1.22140771e+00 
 1.44800000e-07  1.20050695e+00 
 1.96000000e-07  1.16102415e+00 
 2.96000000e-07  1.09204404e+00 
 3.96000000e-07  1.03268906e+00 
 4.96000000e-07  9.81616164e-01 
 5.96000000e-07  9.37669722e-01 
 6.96000000e-07  8.99855343e-01 
 7.96000000e-07  8.67317388e-01 
 8.96000000e-07  8.39319613e-01 
 9.96000000e-07  8.15228504e-01 
 1.09600000e-06  7.94498945e-01 
 1.19600000e-06  7.76661883e-01 
 1.29600000e-06  7.61313713e-01 
 1.39600000e-06  7.48107149e-01 
 1.49600000e-06  7.36743361e-01 
 1.59600000e-06  7.26965217e-01 
 1.69600000e-06  7.18551466e-01 
 1.79600000e-06  7.11311727e-01 
 1.89600000e-06  7.05082183e-01 
 1.99600000e-06  6.99721879e-01 
 2.09600000e-06  6.95109523e-01 
 2.19600000e-06  6.91140753e-01 
 2.29600000e-06  6.87725764e-01 
 2.39600000e-06  6.84787285e-01 
 2.49600000e-06  6.82258827e-01 
 2.59600000e-06  6.80083177e-01 
 2.69600000e-06  6.78211105e-01 
 2.79600000e-06  6.76600254e-01 
 2.89600000e-06  6.75214172e-01 
 2.99600000e-06  6.74021497e-01 
 3.09600000e-06  6.72995241e-01 
 3.19600000e-06  6.72112184e-01 
 3.29600000e-06  6.71352345e-01 
 3.39600000e-06  6.70698529e-01 
 3.49600000e-06  6.70135944e-01 
 3.59600000e-06  6.69651858e-01 
 3.69600000e-06  6.69235320e-01 
 3.79600000e-06  6.68876903e-01 
 3.89600000e-06  6.68568498e-01 
 3.99600000e-06  6.68303126e-01 
 4.09600000e-06  6.68074783e-01 
 4.19600000e-06  6.67878302e-01 
 4.29600000e-06  6.67709236e-01 
 4.39600000e-06  6.67563762e-01 
 4.49600000e-06  6.67438586e-01 
 4.59600000e-06  6.67330876e-01 
 4.69600000e-06  6.67238196e-01 
 4.79600000e-06  6.67158447e-01 
 4.89600000e-06  6.67089827e-01 
 4.99600000e-06  6.67030781e-01 
 5.09600000e-06  6.66979975e-01 
 5.19600000e-06  6.66936257e-01 
 5.29600000e-06  6.66898640e-01 
 5.39600000e-06  6.66866272e-01 
 5.49600000e-06  6.66838420e-01 
 5.59600000e-06  6.66814454e-01 
 5.69600000e-06  6.66793833e-01 
 5.79600000e-06  6.66776089e-01 
 5.89600000e-06  6.66760820e-01 
 5.99600000e-06  6.66747683e-01 
 6.09600000e-06  6.66736378e-01 
 6.19600000e-06  6.66726651e-01 
 6.29600000e-06  6.66718281e-01 
 6.39600000e-06  6.66711079e-01 
 6.49600000e-06  6.66704882e-01 
 6.59600000e-06  6.66699550e-01 
 6.69600000e-06  6.66694961e-01 
 6.79600000e-06  6.66691013e-01 
 6.89600000e-06  6.66687616e-01 
 6.99600000e-06  6.66684693e-01 
 7.09600000e-06  6.66682178e-01 
 7.19600000e-06  6.66680013e-01 
 7.29600000e-06  6.66678151e-01 
 7.39600000e-06  6.66676548e-01 
 7.49600000e-06  6.66675170e-01 
 7.59600000e-06  6.66673983e-01 
 7.69600000e-06  6.66672962e-01 
 7.79600000e-06  6.66672084e-01 
 7.89600000e-06  6.66671328e-01 
 7.99600000e-06  6.66670678e-01 
 8.09600000e-06  6.66670118e-01 
 8.19600000e-06  6.66669636e-01 
 8.29600000e-06  6.66669222e-01 
 8.39600000e-06  6.66668865e-01 
 8.49600000e-06  6.66668559e-01 
 8.59600000e-06  6.66668295e-01 
 8.69600000e-06  6.66668067e-01 
 8.79600000e-06  6.66667872e-01 
 8.89600000e-06  6.66667704e-01 
 8.99600000e-06  6.66667559e-01 
 9.09600000e-06  6.66667435e-01 
 9.19600000e-06  6.66667327e-01 
 9.29600000e-06  6.66667235e-01 
 9.39600000e-06  6.66667156e-01 
 9.49600000e-06  6.66667088e-01 
 9.59600000e-06  6.66667029e-01 
 9.69600000e-06  6.66666978e-01 
 9.79600000e-06  6.66666935e-01 
 9.89600000e-06  6.66666897e-01 
 9.99600000e-06  6.66666865e-01 
 1.00000000e-05  6.66666864e-01 
