 1.00000000e-09  9.98502247e-04 
 2.00000000e-09  1.99550898e-03 
 4.00000000e-09  3.98653592e-03 
 8.00000000e-09  7.95072414e-03 
 1.60000000e-08  1.58081708e-02 
 3.20000000e-08  3.12435501e-02 
 6.40000000e-08  6.10290087e-02 
 1.00000000e-07  9.28736373e-02 
 1.06400000e-07  9.83296724e-02 
 1.19200000e-07  1.09137983e-01 
 1.44800000e-07  1.30143773e-01 
 1.96000000e-07  1.69824973e-01 
 2.96000000e-07  2.39151721e-01 
 3.96000000e-07  2.98804969e-01 
 4.96000000e-07  3.50134509e-01 
 5.96000000e-07  3.94301786e-01 
 6.96000000e-07  4.32306188e-01 
 7.96000000e-07  4.65007650e-01 
 8.96000000e-07  4.93146118e-01 
 9.96000000e-07  5.17358287e-01 
 1.09600000e-06  5.38192015e-01 
 1.19600000e-06  5.56118710e-01 
 1.29600000e-06  5.71544007e-01 
 1.39600000e-06  5.84816936e-01 
 1.49600000e-06  5.96237829e-01 
 1.59600000e-06  6.06065108e-01 
 1.69600000e-06  6.14521140e-01 
 1.79600000e-06  6.21797260e-01 
 1.89600000e-06  6.28058107e-01 
 1.99600000e-06  6.33445348e-01 
 2.09600000e-06  6.38080881e-01 
 2.19600000e-06  6.42069595e-01 
 2.29600000e-06  6.45501745e-01 
 2.39600000e-06  6.48454990e-01 
 2.49600000e-06  6.50996154e-01 
 2.59600000e-06  6.53182737e-01 
 2.69600000e-06  6.55064216e-01 
 2.79600000e-06  6.56683162e-01 
 2.89600000e-06  6.58076209e-01 
 2.99600000e-06  6.59274878e-01 
 3.09600000e-06  6.60306290e-01 
 3.19600000e-06  6.61193785e-01 
 3.29600000e-06  6.61957443e-01 
 3.39600000e-06  6.62614544e-01 
 3.49600000e-06  6.63179956e-01 
 3.59600000e-06  6.63666474e-01 
 3.69600000e-06  6.64085105e-01 
 3.79600000e-06  6.64445323e-01 
 3.89600000e-06  6.64755278e-01 
 3.99600000e-06  6.65021984e-01 
 4.09600000e-06  6.65251474e-01 
 4.19600000e-06  6.65448943e-01 
 4.29600000e-06  6.65618858e-01 
 4.39600000e-06  6.65765064e-01 
 4.49600000e-06  6.65890869e-01 
 4.59600000e-06  6.65999120e-01 
 4.69600000e-06  6.66092266e-01 
 4.79600000e-06  6.66172415e-01 
 4.89600000e-06  6.66241380e-01 
 4.99600000e-06  6.66300722e-01 
 5.09600000e-06  6.66351784e-01 
 5.19600000e-06  6.66395721e-01 
 5.29600000e-06  6.66433528e-01 
 5.39600000e-06  6.66466059e-01 
 5.49600000e-06  6.66494051e-01 
 5.59600000e-06  6.66518137e-01 
 5.69600000e-06  6.66538862e-01 
 5.79600000e-06  6.66556695e-01 
 5.89600000e-06  6.66572040e-01 
 5.99600000e-06  6.66585244e-01 
 6.09600000e-06  6.66596605e-01 
 6.19600000e-06  6.66606381e-01 
 6.29600000e-06  6.66614793e-01 
 6.39600000e-06  6.66622031e-01 
 6.49600000e-06  6.66628259e-01 
 6.59600000e-06  6.66633619e-01 
 6.69600000e-06  6.66638230e-01 
 6.79600000e-06  6.66642198e-01 
 6.89600000e-06  6.66645612e-01 
 6.99600000e-06  6.66648550e-01 
 7.09600000e-06  6.66651078e-01 
 7.19600000e-06  6.66653253e-01 
 7.29600000e-06  6.66655125e-01 
 7.39600000e-06  6.66656735e-01 
 7.49600000e-06  6.66658121e-01 
 7.59600000e-06  6.66659313e-01 
 7.69600000e-06  6.66660339e-01 
 7.79600000e-06  6.66661222e-01 
 7.89600000e-06  6.66661982e-01 
 7.99600000e-06  6.66662636e-01 
 8.09600000e-06  6.66663198e-01 
 8.19600000e-06  6.66663682e-01 
 8.29600000e-06  6.66664099e-01 
 8.39600000e-06  6.66664457e-01 
 8.49600000e-06  6.66664765e-01 
 8.59600000e-06  6.66665031e-01 
 8.69600000e-06  6.66665259e-01 
 8.79600000e-06  6.66665455e-01 
 8.89600000e-06  6.66665624e-01 
 8.99600000e-06  6.66665770e-01 
 9.09600000e-06  6.66665895e-01 
 9.19600000e-06  6.66666003e-01 
 9.29600000e-06  6.66666095e-01 
 9.39600000e-06  6.66666175e-01 
 9.49600000e-06  6.66666244e-01 
 9.59600000e-06  6.66666303e-01 
 9.69600000e-06  6.66666353e-01 
 9.79600000e-06  6.66666397e-01 
 9.89600000e-06  6.66666435e-01 
 9.99600000e-06  6.66666467e-01 
 1.00000000e-05  6.66666468e-01 
