 1.00000000e+00 -6.02059992e+00 
 1.25892541e+00 -6.02059992e+00 
 1.58489319e+00 -6.02059992e+00 
 1.99526231e+00 -6.02059993e+00 
 2.51188643e+00 -6.02059994e+00 
 3.16227766e+00 -6.02059996e+00 
 3.98107171e+00 -6.02059998e+00 
 5.01187234e+00 -6.02060003e+00 
 6.30957344e+00 -6.02060010e+00 
 7.94328235e+00 -6.02060027e+00 
 1.00000000e+01 -6.02060073e+00 
 1.25892541e+01 -6.02060259e+00 
 1.58489319e+01 -6.02061323e+00 
 1.99526231e+01 -6.02069295e+00 
 2.51188643e+01 -6.02139404e+00 
 3.16227766e+01 -6.02804433e+00 
 3.98107171e+01 -6.09272484e+00 
 5.01187234e+01 -6.68770268e+00 
 6.30957344e+01 -1.02626158e+01 
 7.94328235e+01 -1.84629043e+01 
 1.00000000e+02 -2.82344252e+01 
 1.25892541e+02 -3.82117417e+01 
 1.58489319e+02 -4.82102194e+01 
 1.99526231e+02 -5.82106305e+01 
 2.51188643e+02 -6.82110624e+01 
 3.16227766e+02 -7.82113662e+01 
 3.98107171e+02 -8.82115665e+01 
 5.01187234e+02 -9.82116961e+01 
 6.30957344e+02 -1.08211779e+02 
 7.94328235e+02 -1.18211832e+02 
 1.00000000e+03 -1.28211865e+02 
