 1.00050000e-04  3.91670981e-16 
 1.02984937e-04  4.03509826e-16 
 1.08854811e-04  4.27917155e-16 
 1.20594559e-04  4.81738315e-16 
 1.44074055e-04  6.31177381e-16 
 1.75561921e-04  1.38537576e-15 
 2.06264503e-04  7.06931363e-15 
 2.38813695e-04  7.17653528e-14 
 2.72389130e-04  8.60985210e-13 
 3.06935535e-04  1.11206321e-11 
 3.42522925e-04  1.53812770e-10 
 3.79027236e-04  2.06713913e-09 
 4.16614235e-04  1.94812782e-08 
 4.56208879e-04  1.19750079e-07 
 4.99825461e-04  5.49750262e-07 
 5.50475381e-04  2.11892360e-06 
 6.12461128e-04  7.45000512e-06 
 6.91394040e-04  2.50753281e-05 
 7.94526420e-04  8.27966663e-05 
 9.31801081e-04  2.71968017e-04 
 1.11658272e-03  8.92543594e-04 
 1.36727395e-03  2.92640316e-03 
 1.71043927e-03  9.58603819e-03 
 2.18540235e-03  3.13440615e-02 
 2.85395708e-03  1.02211382e-01 
 3.82224111e-03  3.31801325e-01 
 5.31000301e-03  1.06864341e+00 
 7.57278242e-03  2.95715017e+00 
 9.73935976e-03  4.92959345e+00 
 1.10530299e-02  5.75735900e+00 
 1.23819908e-02  6.10483124e+00 
 1.37410553e-02  6.08621865e+00 
 1.49780603e-02  5.97098459e+00 
 1.62711091e-02  5.95941130e+00 
 1.76233397e-02  6.15478210e+00 
 1.89309461e-02  6.51305970e+00 
 2.08628325e-02  7.10571821e+00 
 2.27383614e-02  7.50798285e+00 
 2.40698777e-02  7.63493500e+00 
 2.50131266e-02  7.68349922e+00 
 2.60209425e-02  7.75151057e+00 
 2.71760847e-02  7.87977041e+00 
 2.85290363e-02  8.08264449e+00 
 3.01566381e-02  8.32059368e+00 
 3.18145434e-02  8.45750224e+00 
 3.33333031e-02  8.44848088e+00 
 3.43830408e-02  8.38854444e+00 
 3.56172094e-02  8.33012979e+00 
 3.69226535e-02  8.34185065e+00 
 3.82635990e-02  8.45035972e+00 
 3.97389023e-02  8.64573635e+00 
 4.18659594e-02  8.91768061e+00 
 4.35159286e-02  9.03176257e+00 
 4.48222341e-02  9.05224179e+00 
 4.58876722e-02  9.05522294e+00 
 4.68740700e-02  9.07139952e+00 
 4.79441133e-02  9.11011788e+00 
 4.91386271e-02  9.17123192e+00 
 5.12227537e-02  9.27479787e+00 
 5.26836589e-02  9.31622917e+00 
 5.41344520e-02  9.31894863e+00 
 5.49724513e-02  9.31077725e+00 
 5.57498644e-02  9.30827053e+00 
 5.66896579e-02  9.32096783e+00 
 5.76525009e-02  9.35324671e+00 
 5.90774118e-02  9.42487381e+00 
 6.11128109e-02  9.52898983e+00 
 6.26063715e-02  9.57357053e+00 
 6.41246778e-02  9.57521322e+00 
 6.50677070e-02  9.56190670e+00 
 6.60598596e-02  9.55215692e+00 
 6.69914309e-02  9.55543076e+00 
 6.79011320e-02  9.57166205e+00 
 6.92439137e-02  9.61297169e+00 
 7.15299470e-02  9.69254308e+00 
 7.31633704e-02  9.72883647e+00 
 7.45805647e-02  9.73493838e+00 
 7.52433553e-02  9.73279568e+00 
 7.58476357e-02  9.73220768e+00 
 7.65372945e-02  9.73545728e+00 
 7.72287374e-02  9.74329553e+00 
 7.84516801e-02  9.76589021e+00 
 8.04470044e-02  9.81090259e+00 
 8.32509958e-02  9.84589711e+00 
 8.49467930e-02  9.84302395e+00 
 8.65879998e-02  9.84278934e+00 
 8.80805261e-02  9.86231439e+00 
 8.96697993e-02  9.90155281e+00 
 9.12278083e-02  9.94290057e+00 
 9.27665955e-02  9.96998358e+00 
 9.42108760e-02  9.97535601e+00 
 9.51956804e-02  9.97051751e+00 
 9.61573775e-02  9.96598679e+00 
 9.69988192e-02  9.96594220e+00 
 9.78456253e-02  9.97050105e+00 
 9.89303596e-02  9.98199048e+00 
 1.01099828e-01  1.00125022e+01 
 1.03457009e-01  1.00361068e+01 
 1.05168024e-01  1.00403032e+01 
 1.06508025e-01  1.00427832e+01 
 1.07742114e-01  1.00512773e+01 
 1.09114969e-01  1.00673466e+01 
 1.10534891e-01  1.00859097e+01 
 1.13374735e-01  1.01051909e+01 
 1.15120881e-01  1.01029318e+01 
 1.16718797e-01  1.01021252e+01 
 1.18221791e-01  1.01124293e+01 
 1.19782201e-01  1.01334002e+01 
 1.21352336e-01  1.01565040e+01 
 1.22909832e-01  1.01720668e+01 
 1.24271801e-01  1.01752201e+01 
 1.25510925e-01  1.01709167e+01 
 1.26665979e-01  1.01652408e+01 
 1.27730834e-01  1.01619296e+01 
 1.28829525e-01  1.01617807e+01 
 1.29922037e-01  1.01649454e+01 
 1.31901464e-01  1.01760636e+01 
 1.33904529e-01  1.01881625e+01 
 1.36333457e-01  1.01934391e+01 
 1.38327718e-01  1.01870599e+01 
 1.40359586e-01  1.01744961e+01 
 1.42452951e-01  1.01636830e+01 
 1.44495292e-01  1.01636456e+01 
 1.46755873e-01  1.01808771e+01 
 1.48602823e-01  1.02040410e+01 
 1.50858008e-01  1.02256738e+01 
 1.52961355e-01  1.02261175e+01 
 1.54475352e-01  1.02141362e+01 
 1.56271761e-01  1.01979939e+01 
 1.57996288e-01  1.01921000e+01 
 1.59548132e-01  1.01989553e+01 
 1.61098447e-01  1.02146690e+01 
 1.63313097e-01  1.02389785e+01 
 1.66118477e-01  1.02494097e+01 
 1.68197459e-01  1.02358520e+01 
 1.70314563e-01  1.02119723e+01 
 1.72382210e-01  1.01945219e+01 
 1.74412408e-01  1.01949091e+01 
 1.76361020e-01  1.02128892e+01 
 1.78483886e-01  1.02404212e+01 
 1.80644851e-01  1.02582561e+01 
 1.82429012e-01  1.02556222e+01 
 1.83924488e-01  1.02411945e+01 
 1.86073241e-01  1.02134037e+01 
 1.88240032e-01  1.01946498e+01 
 1.90288209e-01  1.01978270e+01 
 1.92223289e-01  1.02182533e+01 
 1.94255012e-01  1.02449495e+01 
 1.96940202e-01  1.02633094e+01 
 1.99107165e-01  1.02549423e+01 
 2.01349607e-01  1.02306692e+01 
 2.03406282e-01  1.02099012e+01 
 2.05553798e-01  1.02056084e+01 
 2.07524414e-01  1.02214025e+01 
 2.09617643e-01  1.02492911e+01 
 2.11708459e-01  1.02705026e+01 
 2.13739473e-01  1.02710166e+01 
 2.15607644e-01  1.02540277e+01 
 2.17407045e-01  1.02332016e+01 
 2.19531193e-01  1.02212474e+01 
 2.21348701e-01  1.02285745e+01 
 2.23198165e-01  1.02490184e+01 
 2.25280399e-01  1.02767572e+01 
 2.27392206e-01  1.03018387e+01 
 2.30265296e-01  1.03184806e+01 
 2.32734934e-01  1.03090257e+01 
 2.34445164e-01  1.02923451e+01 
 2.36629094e-01  1.02751579e+01 
 2.38634406e-01  1.02747189e+01 
 2.40438893e-01  1.02885269e+01 
 2.42360134e-01  1.03096735e+01 
 2.44629130e-01  1.03296990e+01 
 2.46140618e-01  1.03369380e+01 
 2.48075246e-01  1.03391836e+01 
 2.51444908e-01  1.03289338e+01 
 2.54482806e-01  1.03176578e+01 
 2.57223376e-01  1.03207226e+01 
 2.59143671e-01  1.03317356e+01 
 2.61424365e-01  1.03454616e+01 
 2.63764023e-01  1.03499490e+01 
 2.65737947e-01  1.03431247e+01 
 2.67720230e-01  1.03307314e+01 
 2.69804355e-01  1.03203648e+01 
 2.71808758e-01  1.03194012e+01 
 2.73644541e-01  1.03271038e+01 
 2.75631443e-01  1.03399458e+01 
 2.77990384e-01  1.03514414e+01 
 2.80144297e-01  1.03518297e+01 
 2.82057935e-01  1.03435127e+01 
 2.84158217e-01  1.03309404e+01 
 2.86385591e-01  1.03229075e+01 
 2.88435603e-01  1.03254952e+01 
 2.90577016e-01  1.03366697e+01 
 2.92551019e-01  1.03480139e+01 
 2.94372615e-01  1.03533568e+01 
 2.96135166e-01  1.03516953e+01 
 2.97905616e-01  1.03448769e+01 
 3.00071061e-01  1.03352032e+01 
 3.03171856e-01  1.03307472e+01 
 3.05303993e-01  1.03380739e+01 
 3.07923017e-01  1.03570696e+01 
 3.10773950e-01  1.03761186e+01 
 3.13413932e-01  1.03765726e+01 
 3.15385786e-01  1.03649720e+01 
 3.17268002e-01  1.03534890e+01 
 3.19366557e-01  1.03512035e+01 
 3.21072912e-01  1.03595055e+01 
 3.22906563e-01  1.03740161e+01 
 3.25116777e-01  1.03906871e+01 
 3.26887405e-01  1.04005725e+01 
 3.29123040e-01  1.04070332e+01 
 3.32799114e-01  1.04006458e+01 
 3.34963269e-01  1.03919229e+01 
 3.36960909e-01  1.03906945e+01 
 3.38743439e-01  1.03991079e+01 
 3.40656440e-01  1.04141011e+01 
 3.42556327e-01  1.04266717e+01 
 3.44530602e-01  1.04301570e+01 
 3.46180732e-01  1.04250277e+01 
 3.47828019e-01  1.04160022e+01 
 3.50289913e-01  1.04049851e+01 
 3.52562539e-01  1.04042802e+01 
 3.54958326e-01  1.04156449e+01 
 3.57409815e-01  1.04348130e+01 
 3.60372022e-01  1.04509555e+01 
 3.63038446e-01  1.04463099e+01 
 3.64864028e-01  1.04338152e+01 
 3.66885526e-01  1.04225715e+01 
 3.68825933e-01  1.04231371e+01 
 3.70602073e-01  1.04342747e+01 
 3.72456856e-01  1.04504555e+01 
 3.74795944e-01  1.04656662e+01 
 3.76531215e-01  1.04694432e+01 
 3.78279803e-01  1.04669641e+01 
 3.80407202e-01  1.04587113e+01 
 3.83418028e-01  1.04484820e+01 
 3.85827957e-01  1.04488367e+01 
 3.87691844e-01  1.04552586e+01 
 3.89863793e-01  1.04645119e+01 
 3.92167543e-01  1.04694377e+01 
 3.94209220e-01  1.04663955e+01 
 3.96306474e-01  1.04579752e+01 
 3.98331532e-01  1.04500709e+01 
 4.00602164e-01  1.04477063e+01 
 4.02528380e-01  1.04524889e+01 
 4.04507414e-01  1.04611204e+01 
 4.06748300e-01  1.04691880e+01 
 4.08867515e-01  1.04703702e+01 
 4.10780732e-01  1.04651911e+01 
 4.12815206e-01  1.04566138e+01 
 4.14985895e-01  1.04507450e+01 
 4.17223077e-01  1.04544186e+01 
 4.19053703e-01  1.04647526e+01 
 4.21194281e-01  1.04779373e+01 
 4.23518304e-01  1.04836237e+01 
 4.25511640e-01  1.04778902e+01 
 4.27508724e-01  1.04660733e+01 
 4.29520336e-01  1.04559291e+01 
 4.31495912e-01  1.04540343e+01 
 4.33339034e-01  1.04607084e+01 
 4.35277801e-01  1.04728778e+01 
 4.37772910e-01  1.04866429e+01 
 4.40061479e-01  1.04898087e+01 
 4.42147620e-01  1.04826668e+01 
 4.44265376e-01  1.04705219e+01 
 4.46381413e-01  1.04618030e+01 
 4.48419434e-01  1.04623336e+01 
 4.50323070e-01  1.04707007e+01 
 4.52339009e-01  1.04823725e+01 
 4.54704251e-01  1.04909389e+01 
 4.56524724e-01  1.04910384e+01 
 4.58364557e-01  1.04864751e+01 
 4.60436255e-01  1.04794981e+01 
 4.63688660e-01  1.04747539e+01 
 4.65915715e-01  1.04786624e+01 
 4.67902332e-01  1.04853136e+01 
 4.70041205e-01  1.04909137e+01 
 4.72076677e-01  1.04912626e+01 
 4.73905138e-01  1.04870360e+01 
 4.75916101e-01  1.04802340e+01 
 4.78123575e-01  1.04751407e+01 
 4.80170847e-01  1.04757992e+01 
 4.82095609e-01  1.04809580e+01 
 4.84123180e-01  1.04877490e+01 
 4.86591987e-01  1.04918160e+01 
 4.88654615e-01  1.04892516e+01 
 4.90781303e-01  1.04825372e+01 
 4.92801979e-01  1.04765259e+01 
 4.94951320e-01  1.04753830e+01 
 4.97095772e-01  1.04817722e+01 
 4.99061536e-01  1.04918412e+01 
 5.01216152e-01  1.05005139e+01 
 5.03177788e-01  1.05012232e+01 
 5.04978350e-01  1.04956225e+01 
 5.06658393e-01  1.04888569e+01 
 5.08607291e-01  1.04850417e+01 
 5.10294359e-01  1.04873180e+01 
 5.11996151e-01  1.04938890e+01 
 5.14107332e-01  1.05030895e+01 
 5.16820956e-01  1.05076302e+01 
 5.18895569e-01  1.05028459e+01 
 5.21017262e-01  1.04935574e+01 
 5.23071606e-01  1.04863434e+01 
 5.25110014e-01  1.04859934e+01 
 5.27086472e-01  1.04932883e+01 
 5.29286985e-01  1.05055527e+01 
 5.31344579e-01  1.05135579e+01 
 5.33346526e-01  1.05128207e+01 
 5.35235455e-01  1.05049623e+01 
 5.37083261e-01  1.04957718e+01 
 5.39361206e-01  1.04910606e+01 
 5.41225791e-01  1.04953152e+01 
 5.43118908e-01  1.05048839e+01 
 5.45226855e-01  1.05155360e+01 
 5.47067009e-01  1.05205500e+01 
 5.49161979e-01  1.05191923e+01 
 5.51297091e-01  1.05117493e+01 
 5.53525815e-01  1.05031358e+01 
 5.56235415e-01  1.05003007e+01 
 5.58260425e-01  1.05055058e+01 
 5.60356846e-01  1.05141240e+01 
 5.62445995e-01  1.05202300e+01 
 5.64472535e-01  1.05198863e+01 
 5.66345147e-01  1.05142277e+01 
 5.68322593e-01  1.05064100e+01 
 5.70740666e-01  1.05011478e+01 
 5.72933812e-01  1.05038130e+01 
 5.75067238e-01  1.05120542e+01 
 5.77423961e-01  1.05223211e+01 
 5.81014285e-01  1.05271150e+01 
 5.83336384e-01  1.05206264e+01 
 5.85382131e-01  1.05121173e+01 
 5.87533927e-01  1.05069787e+01 
 5.89531670e-01  1.05091280e+01 
 5.91605637e-01  1.05171035e+01 
 5.93574663e-01  1.05253299e+01 
 5.96524716e-01  1.05285895e+01 
 5.98587549e-01  1.05227153e+01 
 6.00739162e-01  1.05133651e+01 
 6.02799840e-01  1.05073648e+01 
 6.04816888e-01  1.05084438e+01 
 6.06858806e-01  1.05164294e+01 
 6.08992665e-01  1.05271051e+01 
 6.11332801e-01  1.05331357e+01 
 6.13409724e-01  1.05296112e+01 
 6.15521237e-01  1.05197375e+01 
 6.17533036e-01  1.05106550e+01 
 6.19772869e-01  1.05080534e+01 
 6.21681158e-01  1.05136379e+01 
 6.23650729e-01  1.05235591e+01 
 6.25801940e-01  1.05321019e+01 
 6.27842907e-01  1.05327116e+01 
 6.29682890e-01  1.05263537e+01 
 6.31688371e-01  1.05161474e+01 
 6.33897665e-01  1.05084455e+01 
 6.35945329e-01  1.05093939e+01 
 6.37868257e-01  1.05171205e+01 
 6.39895409e-01  1.05273396e+01 
 6.42355037e-01  1.05335033e+01 
 6.44418108e-01  1.05297415e+01 
 6.46536963e-01  1.05198079e+01 
 6.48542412e-01  1.05109371e+01 
 6.50667958e-01  1.05084590e+01 
 6.52563241e-01  1.05137426e+01 
 6.54504360e-01  1.05233890e+01 
 6.56695490e-01  1.05323361e+01 
 6.58761132e-01  1.05334676e+01 
 6.60620980e-01  1.05274888e+01 
 6.62623461e-01  1.05175286e+01 
 6.64809869e-01  1.05098965e+01 
 6.66905780e-01  1.05111944e+01 
 6.68787864e-01  1.05196051e+01 
 6.70837170e-01  1.05309781e+01 
 6.73181746e-01  1.05376666e+01 
 6.75225723e-01  1.05342992e+01 
 6.77206691e-01  1.05257207e+01 
 6.79009266e-01  1.05187556e+01 
 6.80825410e-01  1.05167799e+01 
 6.82659379e-01  1.05209618e+01 
 6.84507212e-01  1.05291687e+01 
 6.86735169e-01  1.05379932e+01 
 6.88826697e-01  1.05399096e+01 
 6.90725099e-01  1.05349163e+01 
 6.92688245e-01  1.05260644e+01 
 6.94859028e-01  1.05185867e+01 
 6.96968375e-01  1.05190618e+01 
 6.98786887e-01  1.05261732e+01 
 7.00842072e-01  1.05368945e+01 
 7.03015901e-01  1.05438667e+01 
 7.05047405e-01  1.05424509e+01 
 7.06711101e-01  1.05368778e+01 
 7.08491183e-01  1.05306409e+01 
 7.10428408e-01  1.05275007e+01 
 7.12350763e-01  1.05298311e+01 
 7.14298507e-01  1.05363148e+01 
 7.16379875e-01  1.05433951e+01 
 7.18895251e-01  1.05458402e+01 
 7.20881564e-01  1.05415851e+01 
 7.22917290e-01  1.05341903e+01 
 7.25030780e-01  1.05285846e+01 
 7.27156919e-01  1.05295499e+01 
 7.28986963e-01  1.05359644e+01 
 7.31055384e-01  1.05451156e+01 
 7.33281718e-01  1.05505973e+01 
 7.35321565e-01  1.05483791e+01 
 7.37344150e-01  1.05411452e+01 
 7.39225698e-01  1.05344078e+01 
 7.41318052e-01  1.05318275e+01 
 7.43228698e-01  1.05353918e+01 
 7.45167212e-01  1.05429137e+01 
 7.47500054e-01  1.05516285e+01 
 7.49844576e-01  1.05544561e+01 
 7.51928303e-01  1.05501656e+01 
 7.54053153e-01  1.05421113e+01 
 7.56137609e-01  1.05359641e+01 
 7.58179751e-01  1.05356829e+01 
 7.60036387e-01  1.05406938e+01 
 7.62043531e-01  1.05484647e+01 
 7.64269785e-01  1.05541526e+01 
 7.66318619e-01  1.05531542e+01 
 7.68257524e-01  1.05470726e+01 
 7.70289975e-01  1.05393539e+01 
 7.72830994e-01  1.05350277e+01 
 7.74890395e-01  1.05385940e+01 
 7.77103393e-01  1.05476142e+01 
 7.79279995e-01  1.05559757e+01 
 7.81741071e-01  1.05576641e+01 
 7.83661663e-01  1.05520784e+01 
 7.85741692e-01  1.05430011e+01 
 7.87859672e-01  1.05366540e+01 
 7.89888274e-01  1.05373816e+01 
 7.91811004e-01  1.05439753e+01 
 7.93829706e-01  1.05527731e+01 
 7.96273056e-01  1.05582268e+01 
 7.98339758e-01  1.05551345e+01 
 8.00472421e-01  1.05464898e+01 
 8.02485111e-01  1.05386061e+01 
 8.04730029e-01  1.05363931e+01 
 8.06685884e-01  1.05416627e+01 
 8.08717693e-01  1.05510768e+01 
 8.10833507e-01  1.05587409e+01 
 8.12779188e-01  1.05593339e+01 
 8.14508330e-01  1.05540722e+01 
 8.16504236e-01  1.05448604e+01 
 8.18657316e-01  1.05376065e+01 
 8.20682335e-01  1.05378217e+01 
 8.22580134e-01  1.05443433e+01 
 8.24587315e-01  1.05537230e+01 
 8.26957431e-01  1.05604670e+01 
 8.29061864e-01  1.05585633e+01 
 8.31259259e-01  1.05499896e+01 
 8.33245737e-01  1.05415517e+01 
 8.36179510e-01  1.05384956e+01 
 8.38228913e-01  1.05446200e+01 
 8.40386347e-01  1.05542370e+01 
 8.42454499e-01  1.05602769e+01 
 8.44471547e-01  1.05591983e+01 
 8.46599775e-01  1.05515168e+01 
 8.48528018e-01  1.05431665e+01 
 8.51267133e-01  1.05385952e+01 
 8.53343907e-01  1.05432908e+01 
 8.55464020e-01  1.05524633e+01 
 8.57539667e-01  1.05597786e+01 
 8.59597792e-01  1.05606308e+01 
 8.61447541e-01  1.05553244e+01 
 8.63453844e-01  1.05465503e+01 
 8.65644001e-01  1.05397499e+01 
 8.67690223e-01  1.05402511e+01 
 8.69597278e-01  1.05466586e+01 
 8.71618559e-01  1.05554918e+01 
 8.74002773e-01  1.05611631e+01 
 8.76075638e-01  1.05584642e+01 
 8.78213235e-01  1.05499631e+01 
 8.80215376e-01  1.05419410e+01 
 8.82624230e-01  1.05393052e+01 
 8.84598851e-01  1.05444015e+01 
 8.86627331e-01  1.05533746e+01 
 8.88786897e-01  1.05607658e+01 
 8.90850720e-01  1.05610561e+01 
 8.92705144e-01  1.05552289e+01 
 8.94722651e-01  1.05463084e+01 
 8.96874664e-01  1.05403631e+01 
 8.98874170e-01  1.05420578e+01 
 9.00978079e-01  1.05503167e+01 
 9.02914022e-01  1.05590556e+01 
 9.05733821e-01  1.05633879e+01 
 9.07803436e-01  1.05579541e+01 
 9.09912997e-01  1.05483013e+01 
 9.11980747e-01  1.05411530e+01 
 9.14011417e-01  1.05410389e+01 
 9.15887970e-01  1.05472657e+01 
 9.17892348e-01  1.05565816e+01 
 9.20147956e-01  1.05632227e+01 
 9.22177584e-01  1.05617025e+01 
 9.24121462e-01  1.05542058e+01 
 9.26157028e-01  1.05449787e+01 
 9.28772318e-01  1.05401493e+01 
 9.30830818e-01  1.05447109e+01 
 9.32939819e-01  1.05541825e+01 
 9.34991316e-01  1.05623314e+01 
 9.36860161e-01  1.05651861e+01 
 9.38941881e-01  1.05623996e+01 
 9.40953388e-01  1.05558753e+01 
 9.43357401e-01  1.05490607e+01 
 9.45553927e-01  1.05483277e+01 
 9.47429721e-01  1.05526812e+01 
 9.49473340e-01  1.05597245e+01 
 9.51638316e-01  1.05648460e+01 
 9.53676951e-01  1.05642405e+01 
 9.55599453e-01  1.05590282e+01 
 9.57618127e-01  1.05521295e+01 
 9.60065806e-01  1.05479298e+01 
 9.62124590e-01  1.05504373e+01 
 9.64248297e-01  1.05572349e+01 
 9.66266480e-01  1.05634196e+01 
 9.68476864e-01  1.05651873e+01 
 9.70388984e-01  1.05614402e+01 
 9.72354929e-01  1.05547389e+01 
 9.74508682e-01  1.05489249e+01 
 9.76556974e-01  1.05485252e+01 
 9.78389215e-01  1.05528784e+01 
 9.80399045e-01  1.05598978e+01 
 9.82594366e-01  1.05651655e+01 
 9.84638515e-01  1.05646479e+01 
 9.86479285e-01  1.05599953e+01 
 9.88427833e-01  1.05538917e+01 
 9.91003905e-01  1.05500198e+01 
 9.93077409e-01  1.05525662e+01 
 9.95220721e-01  1.05590890e+01 
 9.97374778e-01  1.05655441e+01 
 1.00000000e+00  1.05676479e+01 
 1.00005000e+00  1.05676033e+01 
 1.00015000e+00  1.05675070e+01 
 1.00035000e+00  1.05672726e+01 
 1.00050000e+00  1.05670610e+01 
