 1.00000000e+00 -3.54977664e+00 
 1.25892541e+00 -3.55256701e+00 
 1.58489319e+00 -3.55698099e+00 
 1.99526231e+00 -3.56395549e+00 
 2.51188643e+00 -3.57495637e+00 
 3.16227766e+00 -3.59225959e+00 
 3.98107171e+00 -3.61935570e+00 
 5.01187234e+00 -3.66149250e+00 
 6.30957344e+00 -3.72630492e+00 
 7.94328235e+00 -3.82429747e+00 
 1.00000000e+01 -3.96852500e+00 
 1.25892541e+01 -4.17202568e+00 
 1.58489319e+01 -4.44038876e+00 
 1.99526231e+01 -4.75562001e+00 
 2.51188643e+01 -5.04653746e+00 
 3.16227766e+01 -5.14037621e+00 
 3.98107171e+01 -4.72154951e+00 
 5.01187234e+01 -4.04517681e+00 
 6.30957344e+01 -8.52232560e+00 
 7.94328235e+01 -1.72652774e+01 
 1.00000000e+02 -2.55590845e+01 
 1.25892541e+02 -3.33847477e+01 
 1.58489319e+02 -4.10452725e+01 
 1.99526231e+02 -4.86997573e+01 
 2.51188643e+02 -5.64120348e+01 
 3.16227766e+02 -6.41960428e+01 
 3.98107171e+02 -7.20437576e+01 
 5.01187234e+02 -7.99405891e+01 
 6.30957344e+02 -8.78724676e+01 
 7.94328235e+02 -9.58282238e+01 
 1.00000000e+03 -1.03799790e+02 
