 1.00050000e-04  1.36050890e-17 
 1.02984844e-04  1.40162404e-17 
 1.08854532e-04  1.48634135e-17 
 1.20593907e-04  1.67172588e-17 
 1.44072658e-04  2.12602694e-17 
 1.75560417e-04  3.25103432e-17 
 2.06262866e-04  8.00410174e-17 
 2.38811907e-04  5.55865016e-16 
 2.72387222e-04  6.37203639e-15 
 3.06933500e-04  8.32342152e-14 
 3.42524690e-04  1.17343557e-12 
 3.79033747e-04  1.62394258e-11 
 4.16645582e-04  1.67095880e-10 
 4.56248329e-04  1.19253656e-09 
 4.99232118e-04  6.43772569e-09 
 5.47166807e-04  2.84645893e-08 
 6.02843129e-04  1.11992226e-07 
 6.69455695e-04  4.10474481e-07 
 7.51110278e-04  1.44580200e-06 
 8.52837669e-04  4.97715288e-06 
 9.81021749e-04  1.69063906e-05 
 1.14384964e-03  5.69388835e-05 
 1.35202807e-03  1.90579678e-04 
 1.61976861e-03  6.34480955e-04 
 1.96629044e-03  2.10085945e-03 
 2.41819181e-03  6.91268796e-03 
 3.01500587e-03  2.26269054e-02 
 3.81646206e-03  7.35428965e-02 
 4.92286570e-03  2.36559055e-01 
 6.53423173e-03  7.46872463e-01 
 8.88230416e-03  2.03734335e+00 
 1.07263358e-02  3.24090681e+00 
 1.19633453e-02  3.92070763e+00 
 1.31211940e-02  4.33142815e+00 
 1.45213586e-02  4.50362692e+00 
 1.62321636e-02  4.37110624e+00 
 1.82262536e-02  4.07869621e+00 
 2.03376126e-02  3.90723657e+00 
 2.23261185e-02  3.92035955e+00 
 2.46624700e-02  4.03855755e+00 
 2.70167794e-02  4.24508814e+00 
 2.99448226e-02  4.63113647e+00 
 3.22275984e-02  4.88030159e+00 
 3.46898660e-02  4.87579579e+00 
 3.73115044e-02  4.66501831e+00 
 3.99391307e-02  4.54437278e+00 
 4.24731849e-02  4.57807812e+00 
 4.53195378e-02  4.62912239e+00 
 4.79292743e-02  4.68101472e+00 
 5.07951649e-02  4.77118343e+00 
 5.28878151e-02  4.75094444e+00 
 5.48728143e-02  4.59112139e+00 
 5.69782312e-02  4.40988543e+00 
 5.94577843e-02  4.42307198e+00 
 6.20479182e-02  4.65209296e+00 
 6.49147464e-02  4.82435300e+00 
 6.75029397e-02  4.81290387e+00 
 7.05323868e-02  4.76023456e+00 
 7.28897942e-02  4.69665298e+00 
 7.55391520e-02  4.56173467e+00 
 7.81286815e-02  4.51234226e+00 
 8.06460738e-02  4.62576988e+00 
 8.26250696e-02  4.70397200e+00 
 8.48859912e-02  4.63396902e+00 
 8.70127438e-02  4.50719794e+00 
 8.96445078e-02  4.52026058e+00 
 9.23507307e-02  4.69734435e+00 
 9.50709163e-02  4.80257765e+00 
 9.77301968e-02  4.79787115e+00 
 1.00678101e-01  4.78728915e+00 
 1.02932511e-01  4.72770852e+00 
 1.05405602e-01  4.55645725e+00 
 1.07661696e-01  4.44983780e+00 
 1.10238008e-01  4.54385342e+00 
 1.12473511e-01  4.69409706e+00 
 1.14883325e-01  4.72218310e+00 
 1.17463847e-01  4.65488795e+00 
 1.20064948e-01  4.66615375e+00 
 1.22389147e-01  4.71483987e+00 
 1.25084239e-01  4.66464564e+00 
 1.27708052e-01  4.58620325e+00 
 1.30443039e-01  4.62700262e+00 
 1.32629357e-01  4.67832230e+00 
 1.35128792e-01  4.61734552e+00 
 1.37518188e-01  4.53912717e+00 
 1.40146789e-01  4.60328277e+00 
 1.42439328e-01  4.71155740e+00 
 1.44990862e-01  4.70544648e+00 
 1.47611599e-01  4.62991208e+00 
 1.50264622e-01  4.65031586e+00 
 1.52507038e-01  4.69464032e+00 
 1.55093574e-01  4.63469740e+00 
 1.57579183e-01  4.55710940e+00 
 1.60272942e-01  4.61678986e+00 
 1.62527355e-01  4.70565813e+00 
 1.65066689e-01  4.67973755e+00 
 1.67598821e-01  4.60420221e+00 
 1.70232396e-01  4.64020412e+00 
 1.72479596e-01  4.70346533e+00 
 1.75040957e-01  4.65744134e+00 
 1.77551751e-01  4.57663246e+00 
 1.80241263e-01  4.62369288e+00 
 1.82516152e-01  4.70519975e+00 
 1.85087414e-01  4.67759586e+00 
 1.87648920e-01  4.60582734e+00 
 1.90288489e-01  4.64423590e+00 
 1.92504061e-01  4.70066651e+00 
 1.95039881e-01  4.64402330e+00 
 1.97490688e-01  4.55800102e+00 
 2.00184670e-01  4.61005266e+00 
 2.02499230e-01  4.70934781e+00 
 2.05085299e-01  4.70132798e+00 
 2.07726828e-01  4.63591319e+00 
 2.10342959e-01  4.66218489e+00 
 2.12514666e-01  4.69380100e+00 
 2.15031639e-01  4.61051827e+00 
 2.17391559e-01  4.51489105e+00 
 2.20121729e-01  4.57974028e+00 
 2.22503872e-01  4.71406355e+00 
 2.25104696e-01  4.74186259e+00 
 2.27880036e-01  4.68869731e+00 
 2.30434099e-01  4.69235544e+00 
 2.32548598e-01  4.68014044e+00 
 2.34754885e-01  4.56220493e+00 
 2.37062971e-01  4.43751537e+00 
 2.39733253e-01  4.51151259e+00 
 2.42509042e-01  4.74646953e+00 
 2.45143697e-01  4.86233011e+00 
 2.47665999e-01  4.85018436e+00 
 2.50589421e-01  4.82703722e+00 
 2.52868512e-01  4.76334085e+00 
 2.55371832e-01  4.59154297e+00 
 2.57680321e-01  4.48310129e+00 
 2.60284182e-01  4.57194328e+00 
 2.62508815e-01  4.70816501e+00 
 2.64923236e-01  4.72052100e+00 
 2.67458964e-01  4.64660987e+00 
 2.70062350e-01  4.66128411e+00 
 2.72395489e-01  4.71823514e+00 
 2.75071600e-01  4.67638792e+00 
 2.77716576e-01  4.59958243e+00 
 2.80433710e-01  4.63562337e+00 
 2.82615721e-01  4.68056658e+00 
 2.85120060e-01  4.61309630e+00 
 2.87496826e-01  4.53170066e+00 
 2.90143526e-01  4.59760903e+00 
 2.92451161e-01  4.71212082e+00 
 2.95007582e-01  4.71313507e+00 
 2.97655149e-01  4.64165639e+00 
 3.00288800e-01  4.65887174e+00 
 3.02505182e-01  4.69281552e+00 
 3.05074924e-01  4.61999444e+00 
 3.07510035e-01  4.53587870e+00 
 3.10226924e-01  4.60129667e+00 
 3.12525702e-01  4.70951758e+00 
 3.15085394e-01  4.70511400e+00 
 3.17702599e-01  4.63858645e+00 
 3.20302055e-01  4.66294434e+00 
 3.22487970e-01  4.69696313e+00 
 3.25017609e-01  4.61780329e+00 
 3.27406562e-01  4.52328076e+00 
 3.30145591e-01  4.58595145e+00 
 3.32516394e-01  4.71343152e+00 
 3.35119510e-01  4.73466383e+00 
 3.37869223e-01  4.68062511e+00 
 3.40427459e-01  4.68895370e+00 
 3.42541665e-01  4.68283177e+00 
 3.44995415e-01  4.55723816e+00 
 3.47212681e-01  4.44311057e+00 
 3.49990921e-01  4.52282914e+00 
 3.52669493e-01  4.73099501e+00 
 3.55190898e-01  4.82225738e+00 
 3.57616846e-01  4.81754109e+00 
 3.60434557e-01  4.83187547e+00 
 3.62682038e-01  4.80544124e+00 
 3.65207259e-01  4.65000454e+00 
 3.67517313e-01  4.52200684e+00 
 3.70217322e-01  4.58045322e+00 
 3.72561617e-01  4.71517499e+00 
 3.75066787e-01  4.74336845e+00 
 3.77778108e-01  4.69398102e+00 
 3.80312190e-01  4.70662354e+00 
 3.82452421e-01  4.71095165e+00 
 3.84975587e-01  4.59336984e+00 
 3.87256794e-01  4.47678139e+00 
 3.90082443e-01  4.54427572e+00 
 3.92802428e-01  4.73078666e+00 
 3.95290960e-01  4.80531420e+00 
 3.97701343e-01  4.80681820e+00 
 4.00450174e-01  4.83768544e+00 
 4.02640109e-01  4.81640503e+00 
 4.05107175e-01  4.65225651e+00 
 4.07331823e-01  4.50453091e+00 
 4.10076226e-01  4.54960068e+00 
 4.12694115e-01  4.72547838e+00 
 4.15184630e-01  4.80152845e+00 
 4.17596231e-01  4.79964325e+00 
 4.20389758e-01  4.83089467e+00 
 4.22639632e-01  4.82074473e+00 
 4.25169334e-01  4.67387896e+00 
 4.27492950e-01  4.53988006e+00 
 4.30207745e-01  4.58507917e+00 
 4.32574437e-01  4.71265342e+00 
 4.35100773e-01  4.74069095e+00 
 4.37846853e-01  4.69768063e+00 
 4.40367964e-01  4.71270462e+00 
 4.42477808e-01  4.70907689e+00 
 4.44691931e-01  4.59259713e+00 
 4.47018237e-01  4.45655690e+00 
 4.49727127e-01  4.51469997e+00 
 4.52529647e-01  4.74406510e+00 
 4.55209982e-01  4.86608554e+00 
 4.57762824e-01  4.86243675e+00 
 4.60666994e-01  4.83715649e+00 
 4.62906716e-01  4.75606481e+00 
 4.65348788e-01  4.56098943e+00 
 4.67559363e-01  4.43701524e+00 
 4.70175449e-01  4.52914620e+00 
 4.72714416e-01  4.71719538e+00 
 4.75029252e-01  4.77289301e+00 
 4.77433687e-01  4.74539462e+00 
 4.80125213e-01  4.77391758e+00 
 4.82488364e-01  4.80461322e+00 
 4.85115300e-01  4.71348096e+00 
 4.87679283e-01  4.60234683e+00 
 4.90392916e-01  4.63089561e+00 
 4.92624953e-01  4.69247492e+00 
 4.95126566e-01  4.64952212e+00 
 4.97595467e-01  4.58141723e+00 
 5.00201393e-01  4.63860575e+00 
 5.02442740e-01  4.72037988e+00 
 5.04980916e-01  4.68250993e+00 
 5.07489530e-01  4.59145066e+00 
 5.10193891e-01  4.62267818e+00 
 5.12516562e-01  4.70264061e+00 
 5.15131806e-01  4.68421302e+00 
 5.17776808e-01  4.62447641e+00 
 5.20393110e-01  4.66122143e+00 
 5.22532089e-01  4.69401405e+00 
 5.25011473e-01  4.60513356e+00 
 5.27316982e-01  4.50166762e+00 
 5.30045870e-01  4.56321592e+00 
 5.32485600e-01  4.71364877e+00 
 5.35107333e-01  4.76219370e+00 
 5.37631495e-01  4.72530487e+00 
 5.40412877e-01  4.73931676e+00 
 5.42649115e-01  4.74111313e+00 
 5.45188990e-01  4.62766435e+00 
 5.47565887e-01  4.52780381e+00 
 5.50234100e-01  4.59547423e+00 
 5.52517645e-01  4.71251367e+00 
 5.55023178e-01  4.71489278e+00 
 5.57626164e-01  4.64687625e+00 
 5.60226759e-01  4.66811486e+00 
 5.62457338e-01  4.70787717e+00 
 5.65037231e-01  4.63806771e+00 
 5.67498499e-01  4.54833187e+00 
 5.70239017e-01  4.60441053e+00 
 5.72550366e-01  4.70665675e+00 
 5.75126452e-01  4.70129292e+00 
 5.77758833e-01  4.64051141e+00 
 5.80343208e-01  4.66854035e+00 
 5.82494663e-01  4.69692848e+00 
 5.84991451e-01  4.60667138e+00 
 5.87319628e-01  4.50318799e+00 
 5.90073255e-01  4.56632015e+00 
 5.92508826e-01  4.71557683e+00 
 5.95135308e-01  4.76240497e+00 
 5.97651755e-01  4.72593574e+00 
 6.00419210e-01  4.74068229e+00 
 6.02643686e-01  4.74109843e+00 
 6.05169096e-01  4.62457934e+00 
 6.07527089e-01  4.52124352e+00 
 6.10203794e-01  4.58901041e+00 
 6.12513779e-01  4.71426988e+00 
 6.15034074e-01  4.72668141e+00 
 6.17684945e-01  4.66351826e+00 
 6.20270898e-01  4.67923612e+00 
 6.22467301e-01  4.70393498e+00 
 6.25026848e-01  4.61643806e+00 
 6.27419970e-01  4.51958933e+00 
 6.30184553e-01  4.58415603e+00 
 6.32548358e-01  4.71182674e+00 
 6.35140600e-01  4.73291470e+00 
 6.37876401e-01  4.68123546e+00 
 6.40418511e-01  4.69218509e+00 
 6.42523984e-01  4.68720016e+00 
 6.44972505e-01  4.56045652e+00 
 6.47182021e-01  4.44244113e+00 
 6.49973044e-01  4.51856907e+00 
 6.52653669e-01  4.72975764e+00 
 6.55200831e-01  4.82774095e+00 
 6.57638137e-01  4.82597636e+00 
 6.60465763e-01  4.83676786e+00 
 6.62707882e-01  4.80233942e+00 
 6.65219932e-01  4.63922716e+00 
 6.67504713e-01  4.50979740e+00 
 6.70201609e-01  4.57223792e+00 
 6.72816781e-01  4.72809918e+00 
 6.75171318e-01  4.76626109e+00 
 6.77538654e-01  4.74595453e+00 
 6.80238945e-01  4.79110878e+00 
 6.82538078e-01  4.81928897e+00 
 6.85077789e-01  4.71210942e+00 
 6.87518653e-01  4.58494168e+00 
 6.90238299e-01  4.61310018e+00 
 6.92580960e-01  4.70900821e+00 
 6.95140513e-01  4.70982872e+00 
 6.97821269e-01  4.66132034e+00 
 7.00377507e-01  4.69242678e+00 
 7.02489524e-01  4.70941547e+00 
 7.04961162e-01  4.59817552e+00 
 7.07207152e-01  4.47814156e+00 
 7.09998593e-01  4.53709497e+00 
 7.12710505e-01  4.72700039e+00 
 7.15242169e-01  4.81179566e+00 
 7.17678430e-01  4.81454528e+00 
 7.20481437e-01  4.83893014e+00 
 7.22695029e-01  4.81059484e+00 
 7.25176409e-01  4.64438434e+00 
 7.27415040e-01  4.50417633e+00 
 7.30128774e-01  4.55744199e+00 
 7.32733506e-01  4.72546800e+00 
 7.35160694e-01  4.78551509e+00 
 7.37544791e-01  4.77535727e+00 
 7.40308345e-01  4.81375055e+00 
 7.42599288e-01  4.82324638e+00 
 7.45143508e-01  4.69786263e+00 
 7.47544745e-01  4.56957312e+00 
 7.50250169e-01  4.60624924e+00 
 7.52578398e-01  4.71000647e+00 
 7.55106521e-01  4.71439016e+00 
 7.57769885e-01  4.66323167e+00 
 7.60326064e-01  4.69227580e+00 
 7.62467024e-01  4.71408323e+00 
 7.64970353e-01  4.61082123e+00 
 7.67265915e-01  4.49568527e+00 
 7.70059787e-01  4.55369783e+00 
 7.72796157e-01  4.72897135e+00 
 7.75279638e-01  4.79661357e+00 
 7.77696153e-01  4.79778221e+00 
 7.80453746e-01  4.83385522e+00 
 7.82645393e-01  4.81786082e+00 
 7.85113478e-01  4.65764132e+00 
 7.87342400e-01  4.51060177e+00 
 7.90079056e-01  4.55304626e+00 
 7.92699178e-01  4.72425809e+00 
 7.95182699e-01  4.79658154e+00 
 7.97592857e-01  4.79430412e+00 
 8.00384299e-01  4.82847074e+00 
 8.02636759e-01  4.82180777e+00 
 8.05165705e-01  4.67766450e+00 
 8.07494365e-01  4.54366518e+00 
 8.10207417e-01  4.58696574e+00 
 8.12573518e-01  4.71219405e+00 
 8.15101724e-01  4.73859844e+00 
 8.17845804e-01  4.69547928e+00 
 8.20369299e-01  4.71163781e+00 
 8.22479110e-01  4.70920795e+00 
 8.24694240e-01  4.59357348e+00 
 8.27020918e-01  4.45786730e+00 
 8.29728180e-01  4.51555914e+00 
 8.32531066e-01  4.74388270e+00 
 8.35209135e-01  4.86503291e+00 
 8.37760121e-01  4.86145032e+00 
 8.40664635e-01  4.83710100e+00 
 8.42904667e-01  4.75699525e+00 
 8.45347764e-01  4.56255564e+00 
 8.47558773e-01  4.43854942e+00 
 8.50175934e-01  4.53009532e+00 
 8.52715527e-01  4.71741216e+00 
 8.55030991e-01  4.77266123e+00 
 8.57435208e-01  4.74515907e+00 
 8.60126727e-01  4.77396171e+00 
 8.62488925e-01  4.80475146e+00 
 8.65114637e-01  4.71351981e+00 
 8.67676961e-01  4.60220594e+00 
 8.70390707e-01  4.63074876e+00 
 8.72624224e-01  4.69275508e+00 
 8.75126809e-01  4.65036536e+00 
 8.77598505e-01  4.58253394e+00 
 8.80203919e-01  4.63943403e+00 
 8.82443364e-01  4.72030954e+00 
 8.84980749e-01  4.68142834e+00 
 8.87485554e-01  4.58998117e+00 
 8.90191196e-01  4.62167973e+00 
 8.92516330e-01  4.70292755e+00 
 8.95132430e-01  4.68587632e+00 
 8.97782608e-01  4.62659755e+00 
 9.00396706e-01  4.66244187e+00 
 9.02532645e-01  4.69351173e+00 
 9.05010246e-01  4.60275383e+00 
 9.07309506e-01  4.49852260e+00 
 9.10040914e-01  4.56075834e+00 
 9.12486359e-01  4.71383783e+00 
 9.15108910e-01  4.76505576e+00 
 9.17628265e-01  4.72943375e+00 
 9.20415891e-01  4.74278712e+00 
 9.22654485e-01  4.74304791e+00 
 9.25195091e-01  4.62808586e+00 
 9.27571990e-01  4.52793694e+00 
 9.30238291e-01  4.59579207e+00 
 9.32518575e-01  4.71243778e+00 
 9.35020522e-01  4.71413568e+00 
 9.37618068e-01  4.64563584e+00 
 9.40219594e-01  4.66726141e+00 
 9.42454983e-01  4.70864439e+00 
 9.45038342e-01  4.64080332e+00 
 9.47508654e-01  4.55181214e+00 
 9.50247109e-01  4.60673864e+00 
 9.52551976e-01  4.70581618e+00 
 9.55125675e-01  4.69716062e+00 
 9.57745198e-01  4.63533691e+00 
 9.60334043e-01  4.66550610e+00 
 9.62492820e-01  4.69805897e+00 
 9.64993504e-01  4.61232920e+00 
 9.67336842e-01  4.51057928e+00 
 9.70084500e-01  4.57186239e+00 
 9.72507272e-01  4.71490149e+00 
 9.75131944e-01  4.75552714e+00 
 9.77659230e-01  4.71625502e+00 
 9.80412827e-01  4.73267205e+00 
 9.82631813e-01  4.73667739e+00 
 9.85155364e-01  4.62366864e+00 
 9.87513290e-01  4.52099555e+00 
 9.90194079e-01  4.58825522e+00 
 9.92511565e-01  4.71435766e+00 
 9.95039984e-01  4.72829600e+00 
 9.97703571e-01  4.66615779e+00 
 1.00000000e+00  4.67973095e+00 
 1.00005000e+00  4.68114614e+00 
 1.00015000e+00  4.68400515e+00 
 1.00035000e+00  4.68981136e+00 
 1.00050000e+00  4.69415132e+00 
